1	 0.75 
2	 0.58 
3	 0.46 
4	 0.46 
5	 0.42 
6	 0.47 
7	 0.55 
8	 0.68 
9	 0.74 
10	 0.86 
11	 0.87 
12	 0.90 
13	 0.73 
14	 0.71 
15	 0.74 
16	 0.68 
17	 0.60 
18	 0.59 
19	 0.57 
20	 0.51 
21	 0.52 
22	 0.55 
23	 0.49 
24	 0.50 
25	 0.57 
26	 0.56 
27	 0.58 
28	 0.45 
29	 0.47 
30	 0.43 
31	 0.42 
32	 0.43 
33	 0.49 
34	 0.58 
35	 0.62 
36	 0.74 
37	 0.86 
38	 0.97 
39	 0.88 
40	 0.82 
41	 0.73 
42	 0.58 
43	 0.59 
44	 0.64 
45	 0.58 
46	 0.52 
47	 0.56 
48	 0.61 
49	 0.58 
50	 0.58 
51	 0.64 
52	 0.62 
53	 0.54 
54	 0.58 
55	 0.54 
56	 0.45 
57	 0.40 
58	 0.39 
59	 0.44 
60	 0.42 
61	 0.56 
62	 0.55 
63	 0.56 
64	 0.62 
65	 0.69 
66	 0.87 
67	 0.84 
68	 0.70 
69	 0.69 
70	 0.61 
71	 0.63 
72	 0.61 
73	 0.52 
74	 0.53 
75	 0.56 
76	 0.51 
77	 0.46 
78	 0.47 
79	 0.51 
80	 0.49 
81	 0.49 
82	 0.57 
83	 0.58 
84	 0.54 
85	 0.66 
86	 0.63 
87	 0.45 
88	 0.48 
89	 0.42 
90	 0.40 
91	 0.44 
92	 0.45 
93	 0.62 
94	 0.72 
95	 0.82 
96	 1.03 
97	 1.14 
98	 1.29 
99	 1.14 
100	 1.08 
101	 1.29 
102	 1.34 
103	 1.29 
104	 1.48 
105	 1.40 
106	 1.38 
107	 1.07 
108	 1.18 
109	 0.94 
110	 0.84 
111	 0.75 
112	 0.76 
113	 0.69 
114	 0.62 
115	 0.64 
116	 0.66 
117	 0.61 
118	 0.59 
119	 0.65 
120	 0.62 
121	 0.55 
122	 0.65 
123	 0.72 
124	 0.71 
125	 0.81 
126	 0.95 
127	 1.02 
128	 1.17 
129	 1.26 
130	 1.21 
131	 1.39 
132	 1.54 
133	 1.69 
134	 2.00 
135	 2.23 
136	 2.29 
137	 1.75 
138	 1.46 
139	 1.25 
140	 1.41 
141	 1.42 
142	 1.07 
143	 0.90 
144	 0.77 
145	 0.90 
146	 0.85 
147	 0.97 
148	 1.04 
149	 1.18 
150	 1.20 
151	 0.70 
152	 0.49 
153	 0.43 
154	 0.42 
155	 0.46 
156	 0.61 
157	 0.71 
158	 0.76 
159	 0.79 
160	 0.84 
161	 0.80 
162	 0.67 
163	 0.64 
164	 0.69 
165	 0.64 
166	 0.55 
167	 0.63 
168	 0.71 
169	 0.64 
170	 0.52 
171	 0.50 
172	 0.56 
173	 0.50 
174	 0.51 
175	 0.57 
176	 0.75 
177	 0.82 
178	 0.88 
179	 0.98 
180	 0.92 
181	 0.98 
182	 0.89 
183	 0.71 
184	 0.83 
185	 0.89 
186	 0.79 
187	 0.78 
188	 0.89 
189	 0.79 
190	 0.68 
191	 0.85 
192	 0.95 
193	 0.83 
194	 0.79 
195	 1.00 
196	 1.14 
197	 1.15 
198	 1.20 
199	 1.09 
200	 1.11 
201	 1.08 
202	 1.15 
203	 0.99 
204	 0.69 
205	 0.61 
206	 0.57 
207	 0.54 
208	 0.50 
209	 0.51 
210	 0.69 
211	 0.53 
212	 0.46 
213	 0.51 
214	 0.55 
215	 0.64 
216	 0.80 
217	 0.85 
218	 0.89 
219	 0.87 
220	 0.81 
221	 0.72 
222	 0.71 
223	 0.79 
224	 0.73 
225	 0.63 
226	 0.67 
227	 0.85 
228	 0.78 
229	 0.68 
230	 0.83 
231	 0.99 
232	 0.92 
233	 0.92 
234	 1.15 
235	 1.27 
236	 1.20 
237	 1.43 
238	 1.52 
239	 1.60 
240	 1.29 
241	 1.17 
242	 1.40 
243	 1.47 
244	 1.30 
245	 1.45 
246	 1.27 
247	 1.51 
248	 1.61 
249	 1.64 
250	 1.40 
251	 1.32 
252	 1.47 
253	 1.43 
254	 1.22 
255	 1.47 
256	 1.67 
257	 1.56 
258	 1.64 
259	 2.02 
260	 2.10 
261	 2.03 
262	 1.88 
263	 1.74 
264	 1.83 
265	 1.61 
266	 1.25 
267	 1.31 
268	 1.42 
269	 1.37 
270	 1.20 
271	 0.87 
272	 0.94 
273	 0.95 
274	 0.95 
275	 0.71 
276	 0.59 
277	 0.71 
278	 0.70 
279	 0.59 
280	 0.51 
281	 0.52 
282	 0.60 
283	 0.74 
284	 0.65 
285	 0.63 
286	 0.74 
287	 0.76 
288	 0.67 
289	 0.70 
290	 0.75 
291	 0.74 
292	 0.77 
293	 0.77 
294	 0.75 
295	 0.70 
296	 0.73 
297	 0.81 
298	 0.85 
299	 0.85 
300	 0.63 
301	 0.68 
302	 0.51 
303	 0.47 
304	 0.44 
305	 0.47 
306	 0.55 
307	 0.58 
308	 0.59 
309	 0.50 
310	 0.58 
311	 0.68 
312	 0.79 
313	 0.69 
314	 0.63 
315	 0.60 
316	 0.52 
317	 0.49 
318	 0.53 
319	 0.53 
320	 0.49 
321	 0.53 
322	 0.64 
323	 0.61 
324	 0.61 
325	 0.60 
326	 0.84 
327	 1.16 
328	 1.85 
